60 120
20 39 98
33 54 16
39 21 0
29 38 30
7 32 7
48 30 21
0 50 92
13 0 91
6 27 44
41 12 17
1 40 32
8 42 75
27 30 17
8 48 28
51 50 44
2 45 93
30 49 15
4 33 1
33 37 12
51 35 91
57 40 68
25 44 81
31 25 51
33 3 56
16 30 20
31 28 38
40 45 36
5 56 32
58 8 89
20 1 64
16 29 77
53 45 11
38 55 25
13 39 93
34 51 5
54 14 57
54 46 15
16 42 98
39 10 84
0 2 99
37 1 56
14 12 10
55 59 42
54 51 93
1 14 2
15 6 27
37 46 93
36 38 61
49 7 86
33 21 6
11 17 75
49 6 10
13 2 37
31 29 11
22 45 66
33 47 33
33 29 90
10 47 88
7 26 56
7 43 70
7 49 94
3 45 68
25 33 76
28 1 41
30 43 28
41 51 45
4 50 60
11 3 15
8 12 66
11 9 31
20 32 78
0 49 90
54 0 40
32 52 18
27 38 47
9 34 59
17 57 80
12 4 70
54 48 53
14 14 97
45 13 11
52 45 27
49 58 23
30 43 71
2 59 5
49 39 74
2 3 10
30 6 92
23 25 7
3 34 61
21 55 97
58 3 95
28 57 74
48 7 50
57 51 74
34 54 68
14 23 41
47 49 49
20 41 89
7 19 89
57 14 5
14 23 84
3 20 47
8 31 89
46 17 6
16 11 72
57 54 68
56 1 69
40 55 13
0 59 45
15 33 58
23 43 40
55 18 27
1 44 8
8 3 94
30 42 47
27 40 84
18 1 1
1 10 8
48 20 1
