100 950
35 53 32
27 25 82
41 63 15
7 92 81
29 62 15
1 64 46
84 14 4
39 78 24
35 49 32
47 49 28
73 40 65
97 36 91
57 72 94
48 71 38
49 71 3
25 38 29
67 52 33
40 94 67
64 35 20
37 94 31
76 28 53
98 88 39
71 62 0
0 2 90
79 10 87
61 50 38
51 70 26
82 67 10
19 33 8
31 97 62
54 48 52
69 33 55
85 46 99
25 95 81
32 56 27
80 20 14
45 64 76
9 95 88
77 63 2
60 89 37
42 48 4
60 13 72
68 97 2
25 53 36
71 13 54
63 24 83
2 48 26
34 64 88
2 63 67
30 89 81
40 8 15
76 53 33
21 5 54
30 77 82
4 0 41
85 57 99
86 13 83
97 67 86
58 1 45
6 10 23
94 42 41
18 40 51
36 37 34
51 97 95
0 46 4
90 7 99
75 57 20
8 73 37
22 17 30
47 86 85
76 99 6
78 48 89
0 46 87
13 34 79
61 1 82
14 20 88
88 36 76
15 39 73
1 25 49
6 88 69
19 2 88
26 7 27
49 78 91
97 66 56
96 34 90
67 40 63
14 58 76
84 92 31
68 8 26
49 51 21
6 9 89
41 6 13
9 72 19
25 74 36
39 43 44
59 26 89
60 35 53
30 18 88
39 48 27
43 47 79
51 8 8
65 75 5
15 80 62
34 60 66
28 16 71
63 52 64
1 69 39
36 61 79
24 1 54
64 23 5
0 38 46
43 7 87
99 26 84
90 82 82
32 39 38
50 98 44
47 9 95
80 72 99
73 22 37
75 19 11
73 71 37
21 46 96
84 45 56
85 64 3
95 37 49
34 94 89
55 45 53
61 41 63
63 70 67
49 63 23
54 56 65
9 40 15
21 16 43
92 58 21
41 54 41
26 2 0
25 20 14
63 49 33
80 72 53
88 16 17
73 83 57
44 20 0
42 56 49
35 43 19
83 46 48
76 3 66
7 24 49
83 16 17
27 41 10
79 3 22
11 15 6
32 57 2
66 67 59
46 67 36
21 80 61
12 74 13
43 88 74
61 11 84
76 5 75
67 20 56
79 57 8
1 27 96
7 30 12
1 14 11
70 94 88
23 75 85
23 94 2
39 80 75
17 28 25
89 52 87
45 62 20
43 49 26
77 75 34
71 24 60
72 1 12
17 91 69
41 12 1
74 41 24
63 36 23
3 91 66
38 37 17
39 22 70
21 81 30
55 38 80
92 85 9
53 18 30
88 77 89
37 29 78
19 42 36
83 14 79
29 0 16
2 81 96
41 0 57
27 41 71
48 57 20
12 33 40
21 20 85
90 45 49
3 43 36
88 29 57
76 80 15
91 61 40
51 65 6
94 65 3
26 85 9
84 3 48
80 50 42
55 61 40
47 29 7
32 47 70
3 51 52
22 26 61
11 66 27
60 0 48
43 52 39
94 49 31
46 32 74
90 85 49
60 14 97
28 26 32
8 96 51
18 42 80
77 44 87
59 94 73
34 1 80
41 96 60
47 11 2
3 90 23
95 85 60
27 97 34
88 1 13
18 7 92
7 2 4
56 63 37
19 67 29
3 41 82
19 24 13
80 60 87
73 16 88
73 56 10
50 30 82
84 49 30
9 96 52
5 86 14
50 74 72
99 15 17
86 93 97
70 6 42
26 22 95
38 29 43
61 47 81
42 74 75
3 16 1
76 94 75
71 88 77
88 58 35
58 36 56
68 70 77
40 0 2
42 93 32
76 47 75
12 43 48
50 20 32
34 34 30
98 61 29
5 75 96
68 26 21
75 97 2
97 98 30
98 23 97
59 32 23
32 78 82
49 20 27
83 75 39
87 2 66
96 66 89
87 25 68
13 21 56
19 79 73
40 94 60
79 2 55
14 25 30
21 80 1
9 6 53
64 42 83
47 75 20
54 99 74
93 56 21
32 95 19
24 48 45
39 40 3
79 33 24
63 87 69
26 3 85
25 78 96
54 1 46
86 96 70
13 89 52
68 82 84
90 42 33
7 41 39
82 50 50
72 69 83
57 67 3
34 16 34
61 83 79
94 20 81
50 92 32
33 20 77
99 6 93
63 51 97
85 2 81
69 37 37
96 58 45
48 14 34
85 93 90
59 15 81
32 0 77
36 23 88
68 38 95
36 48 12
98 35 21
38 94 3
98 18 76
60 70 73
9 15 65
28 32 55
91 96 16
65 79 13
18 49 43
17 94 99
84 80 0
79 21 8
19 55 10
39 35 66
12 35 16
90 73 38
56 68 95
12 72 10
92 81 14
75 65 61
74 25 16
85 98 85
2 36 54
61 6 89
38 80 1
93 72 61
13 54 48
50 81 38
31 97 35
27 4 54
99 29 65
94 54 47
96 53 12
52 15 20
9 92 26
66 32 59
66 99 98
92 26 10
88 38 30
99 36 85
9 23 76
83 37 10
10 90 92
92 38 66
7 5 70
6 29 23
4 92 65
59 80 99
85 17 43
8 59 30
99 35 0
37 76 93
98 8 35
22 41 62
4 89 27
59 13 56
35 58 86
55 44 19
17 32 63
31 31 54
64 32 63
51 49 75
65 8 51
97 42 15
42 14 91
9 65 36
13 30 95
73 16 89
21 45 11
2 75 44
51 63 31
97 58 98
41 22 76
39 99 3
75 39 25
94 26 10
86 63 30
42 11 61
7 22 81
23 76 95
39 20 72
56 87 3
61 5 85
73 33 77
68 39 35
14 26 69
8 11 2
25 81 0
77 15 2
50 1 26
88 12 64
38 90 94
73 8 26
6 11 45
5 51 48
50 25 87
71 19 37
78 46 33
24 48 56
71 52 77
56 48 49
40 32 0
63 48 76
9 82 53
86 6 88
73 24 32
21 42 92
94 67 68
55 44 98
51 69 20
78 26 13
30 22 46
5 80 58
66 47 51
5 86 5
22 47 49
98 80 94
42 71 55
74 38 8
35 13 95
5 66 81
50 38 63
94 24 91
73 55 71
79 48 33
50 36 67
42 53 34
83 1 20
40 70 93
77 57 83
59 68 42
1 45 96
91 55 9
58 97 76
39 92 51
37 27 95
59 49 1
68 26 45
35 27 23
73 83 47
8 78 77
57 26 29
56 60 24
72 89 10
3 95 3
56 55 98
42 22 79
26 11 88
85 88 62
81 13 43
23 82 18
90 52 55
33 90 59
30 14 65
86 90 58
45 79 77
84 91 73
92 9 37
42 95 41
7 82 80
50 92 8
97 89 81
66 30 52
33 54 44
5 21 55
36 98 96
27 57 39
60 1 59
33 18 2
64 8 25
16 39 45
52 13 68
18 28 54
52 18 27
74 16 58
29 53 11
84 64 83
83 28 62
86 29 35
38 2 63
35 69 32
79 28 4
95 16 15
99 29 43
55 46 40
59 72 17
23 55 94
6 76 23
21 8 6
98 24 89
75 99 97
11 20 67
84 59 87
44 82 73
1 0 82
80 19 37
94 56 7
17 6 33
95 45 97
83 53 12
51 44 58
17 38 81
66 3 92
16 28 61
92 74 42
4 47 55
58 37 59
68 75 9
94 44 18
36 20 6
70 12 71
47 4 53
51 16 98
38 35 62
44 11 47
33 91 94
11 83 36
50 7 2
90 75 44
25 33 43
13 97 30
38 42 78
31 43 36
89 47 39
66 16 13
51 99 4
35 12 31
24 11 3
95 53 98
68 52 44
7 39 95
63 26 19
50 28 10
82 44 56
43 8 82
64 33 96
54 43 40
77 73 10
88 52 73
15 78 7
50 36 39
36 44 97
42 19 55
96 57 0
74 43 26
0 58 75
35 69 28
0 42 72
8 80 68
30 4 24
4 73 7
87 25 26
68 27 41
42 49 67
44 0 23
94 73 95
93 33 25
91 58 50
67 68 64
96 31 0
13 86 78
73 44 4
5 57 93
40 90 62
93 78 45
22 88 27
39 2 35
49 75 17
77 85 9
94 84 2
58 97 91
33 10 72
61 53 4
63 95 17
3 53 41
7 58 28
17 85 28
68 35 15
9 77 46
54 32 17
88 57 64
61 66 16
98 55 8
38 37 47
49 72 18
26 52 40
80 34 59
74 52 9
43 27 93
38 82 16
32 38 56
97 50 38
65 98 7
80 62 91
24 17 48
86 80 24
43 99 23
50 46 51
93 39 66
21 47 29
25 34 58
0 41 69
84 59 26
27 52 0
16 79 34
92 4 84
81 11 29
22 47 89
7 97 38
34 16 60
94 67 98
59 27 39
10 72 56
7 61 43
94 76 41
12 81 4
60 79 8
8 23 69
79 55 29
84 6 38
60 80 11
26 34 46
45 68 28
68 42 49
92 33 67
55 53 32
22 16 83
68 68 78
94 93 96
34 53 53
35 10 77
67 54 66
17 46 22
47 10 73
63 96 41
73 60 99
95 6 16
74 92 18
96 47 57
37 81 71
44 25 47
59 45 14
41 93 81
45 58 82
84 54 95
14 91 64
7 24 62
14 61 43
71 26 58
86 21 46
24 43 49
7 28 97
80 3 0
43 11 83
54 62 39
89 73 82
32 93 29
15 71 12
63 14 62
86 43 45
7 74 27
77 68 95
65 26 65
62 45 92
55 84 41
77 20 95
15 12 86
12 61 43
9 32 56
40 65 20
18 92 68
95 40 91
16 71 39
85 46 27
32 25 15
19 85 67
10 93 51
97 89 24
15 39 60
54 56 86
64 24 44
35 72 20
73 45 21
33 5 89
82 65 4
95 99 65
0 33 55
98 51 77
34 49 59
59 50 35
61 32 1
26 11 54
61 24 31
47 57 75
41 7 8
27 51 14
60 62 40
87 74 94
63 16 64
80 53 52
15 30 56
96 26 13
88 20 29
66 41 59
17 90 57
0 71 26
32 4 39
17 77 7
72 15 17
40 89 15
41 40 47
94 19 32
45 44 20
98 85 93
95 2 3
95 83 87
0 67 98
70 92 58
54 35 7
81 53 67
74 88 67
74 15 12
80 83 30
70 77 85
13 50 17
14 48 76
62 77 5
75 99 45
37 16 6
42 88 66
6 99 42
61 85 24
82 29 21
99 36 74
88 82 12
20 39 46
59 19 18
30 62 50
61 88 28
56 45 71
96 53 69
18 60 55
58 37 44
3 99 11
12 16 8
53 39 74
60 21 47
12 78 78
86 58 78
83 94 91
63 7 2
39 12 40
83 62 55
51 10 13
2 62 21
73 61 62
17 52 26
54 80 55
23 0 11
54 66 18
1 89 96
46 10 15
97 39 93
79 4 49
46 77 10
66 33 78
78 54 4
41 69 43
31 84 10
50 74 46
68 8 95
1 46 23
98 61 74
95 73 27
27 68 45
72 23 1
62 82 97
18 41 21
59 38 49
69 91 5
28 7 93
2 89 14
34 54 27
23 67 9
37 66 61
67 20 7
23 20 85
92 63 69
56 40 94
57 77 49
6 81 4
99 14 63
60 6 36
90 33 11
9 94 88
67 19 34
48 51 87
28 50 59
35 50 6
78 67 9
15 2 57
88 1 43
57 96 54
18 30 80
15 21 37
96 4 27
53 70 62
99 45 78
29 45 40
45 27 0
72 93 75
89 85 89
15 45 52
10 20 39
9 91 92
39 9 64
26 54 81
96 67 0
63 81 96
31 62 24
48 73 72
82 60 23
17 27 59
51 41 87
50 37 75
48 19 19
66 79 5
27 96 87
33 35 67
83 6 97
25 41 79
84 6 21
88 2 3
59 54 22
65 20 25
55 4 62
58 68 45
70 89 65
12 22 44
10 92 58
79 83 57
30 31 55
5 17 28
76 89 26
13 26 75
92 78 21
95 34 64
45 58 48
51 24 69
32 40 63
0 55 99
24 98 35
56 33 61
35 16 6
51 43 92
39 34 75
43 1 26
58 64 31
67 28 81
41 8 71
56 0 2
31 87 9
8 34 64
86 90 48
39 38 17
93 28 56
24 38 86
17 4 63
27 84 36
58 32 47
55 42 71
35 90 40
50 81 62
29 96 27
56 81 22
61 54 16
2 25 52
47 78 85
76 0 85
37 19 7
71 59 74
98 74 86
55 37 97
93 97 62
99 34 45
72 19 46
13 15 52
29 67 84
89 97 96
28 67 31
52 86 76
89 54 49
41 22 43
87 99 18
66 10 49
55 0 43
31 91 72
21 92 98
68 64 84
77 98 3
48 94 26
54 81 38
90 14 57
11 90 90
63 89 29
0 94 17
85 48 12
82 58 57
88 57 61
82 70 7
98 47 2
61 97 74
79 74 73
85 9 94
3 53 69
23 90 29
40 16 37
48 99 97
63 23 79
87 38 93
12 61 22
95 18 87
74 0 16
77 91 29
53 54 50
8 12 78
9 23 90
34 53 77
42 93 16
